 System Zn-Ca-O
    3    7    7    3    3    2    2    1    2   14
 Zn                       Ca                       O
    65.38000000              40.07800000              15.99940000
   6   1   2   3   4   5   6
   6   1   2   3   4   5   6
 gas_ideal
 IDMX
 O
   4  3    0.0    0.0    1.0
  2200.0000      242682.20     -30.020448     -19.964968     -.13194946E-03
 0.61589319E-08 -29327.439
 1  83.809856       0.50
  6000.0000     -84471.471      186.78944     -38.050669         0.00000000
     0.00000000  12120739.
 2  70811.436      99.00 -8330.8535       0.50
  6000.0000      236685.00     -8.3771889     -22.291487         0.00000000
     0.00000000     0.00000000
 1     0.00000000   0.00
 O2
   4  4    0.0    0.0    2.0
  1000.0000     -5219.3324     -12.179856     -26.924057     -.84893408E-02
 0.11276942E-05 -114664.63
 1 -316.64663       0.50
  4000.0000     -389938.78      638.67678     -89.681327     0.72372244E-03
     0.00000000  9341343.0
 2 -16506.149       0.50  95803.960      99.00
  6000.0000     -8951197.1      2742.7612     -249.17312         0.00000000
     0.00000000 0.59248921E+09
 2 -139742.68       0.50  1674792.2      99.00
  6000.0000     -42014.302      116.92408     -44.371534         0.00000000
     0.00000000     0.00000000
 1     0.00000000   0.00
 O3
   4  3    0.0    0.0    3.0
  1900.0000      200310.28      315.13014     -76.555764     0.46115697E-02
 -.32267167E-06 -821844.45
 1 -15871.007      99.00
  6000.0000     -95706.532      344.94952     -73.713624         0.00000000
     0.00000000  9320171.5
 2  47079.583      99.00 -6138.3410       0.50
  6000.0000      107048.81      191.83924     -61.231023         0.00000000
     0.00000000     0.00000000
 1     0.00000000   0.00
 Ca
   4  4    0.0    1.0    0.0
  1773.6600      171600.93     -15.630979     -20.791789         0.00000000
     0.00000000     0.00000000
 1     0.00000000   0.00
  4200.0000      19927184.     -32491.906      2970.5188     -.12209243
 0.18267634E-05 -.49530310E+09
 2 -4984665.1      99.00  857152.09       0.50
  6000.0000      19026562.      5723.6004     -592.69950     0.16058747E-01
     0.00000000 -.20140619E+10
 1 -2724023.3      99.00
  6000.0000      12334.532      330.78693     -57.882977         0.00000000
     0.00000000     0.00000000
 1     0.00000000   0.00
 Ca2
   4  3    0.0    2.0    0.0
  1500.0000      332732.66      11.007326     -42.487640     0.24521170E-01
 -.65553380E-05 -265487.10
 1 0.89278250E-09   4.00
  3000.0000      341877.03     -129.29031     -20.664100     -.28050490E-04
 0.16426470E-08 -974311.30
 1 -.51120680E-13   4.00
  3000.0000      340465.64     -126.49544     -20.976777         0.00000000
     0.00000000     0.00000000
 1     0.00000000   0.00
 CaO
   4  4    0.0    1.0    1.0
  1400.0000      78867.788      205.64202     -61.549181     0.12802635E-01
 -.17124492E-05 -537947.00
 1 -10352.275      99.00
  3800.0000      37566280.     -406018.91      48763.221      3.2756916
 -.28319660E-04 -.32937800E+09
 3 -14615549.      99.00 -1162.6130       1.50  5256160.3       0.50
  6000.0000     -12975649.      3153.8112     -282.26195         0.00000000
     0.00000000 0.87345172E+09
 2  2367789.3      99.00 -178046.56       0.50
  6000.0000      21834.712      158.20285     -53.725595         0.00000000
     0.00000000     0.00000000
 1     0.00000000   0.00
 Zn
   4  4    1.0    0.0    0.0
  2600.0000      124222.65     -21.772755     -20.786000         0.00000000
     0.00000000     0.00000000
 1     0.00000000   0.00
  4500.0000      2888551.6     -2404.5536      186.52198     -.38935171E-02
     0.00000000 -.10142865E+09
 2 -614875.40      99.00  80267.492       0.50
  6000.0000     -15115475.      4176.1482     -347.05868         0.00000000
     0.00000000 0.10394193E+10
 2  2830810.9      99.00 -228731.36       0.50
  6000.0000      113166.92     -1.6786654     -22.887685         0.00000000
     0.00000000     0.00000000
 1     0.00000000   0.00
 Slag-liq
 SUBQ
   2   2
 CaO
   4  2    0.0    1.0    1.0
  2845.1599     -571766.66      348.73580     -58.791171         0.00000000
     0.00000000  573573.05
 2 -535.61610       0.50 -17163136.      -2.00
  9999.0000     -596946.67      379.18009     -62.760000         0.00000000
     0.00000000     0.00000000
 1     0.00000000   0.00
  1.00000      1.00000         0.000000     0.000000     0.000000
  1.37700
 ZnO
   4  2    1.0    0.0    1.0
  2248.0000     -308175.39      269.20194     -48.241520     -.33974080E-02
     0.00000000     0.00000000
 2  17294726.      -2.00 -366.18964       0.50
  9999.0000     -329653.95      366.31221     -61.576285         0.00000000
     0.00000000     0.00000000
 1     0.00000000   0.00
  1.00000      1.00000         0.000000     0.000000     0.000000
  1.37700
   2   1
 Ca                       Zn
 O
  2.00000      2.00000
   1   1
  2.00000
   2
   1   2
   1   1
   1   1   3   3  1.3774438      1.3774438      1.3774438      1.3774438
   2   2   3   3  1.3774438      1.3774438      1.3774438      1.3774438
   3
 Q   1   2   3   3   0   0   0   0
     0.00000000   1.00     0.00000000   1.00     0.00000000   1.00
     0.00000000   0.00     0.00000000   0.00     0.00000000   0.00
   0   0 -26652.080         0.00000000     0.00000000     0.00000000
     0.00000000     0.00000000
   3
 Q   1   2   3   3   0   1   0   0
     0.00000000   1.00     0.00000000   1.00     0.00000000   1.00
     0.00000000   0.00     0.00000000   0.00     0.00000000   0.00
   0   0 -25104.000         0.00000000     0.00000000     0.00000000
     0.00000000     0.00000000
   0
 Slag-liq
 SUBQ
   2   2
 CaO
   4  2    0.0    1.0    1.0
  2845.1599     -571766.66      348.73580     -58.791171         0.00000000
     0.00000000  573573.05
 2 -535.61610       0.50 -17163136.      -2.00
  9999.0000     -596946.67      379.18009     -62.760000         0.00000000
     0.00000000     0.00000000
 1     0.00000000   0.00
  1.00000      1.00000         0.000000     0.000000     0.000000
  1.37700
 ZnO
   4  2    1.0    0.0    1.0
  2248.0000     -308175.39      269.20194     -48.241520     -.33974080E-02
     0.00000000     0.00000000
 2  17294726.      -2.00 -366.18964       0.50
  9999.0000     -329653.95      366.31221     -61.576285         0.00000000
     0.00000000     0.00000000
 1     0.00000000   0.00
  1.00000      1.00000         0.000000     0.000000     0.000000
  1.37700
   2   1
 Ca                       Zn
 O
  2.00000      2.00000
   1   1
  2.00000
   2
   1   2
   1   1
   1   1   3   3  1.3774438      1.3774438      1.3774438      1.3774438
   2   2   3   3  1.3774438      1.3774438      1.3774438      1.3774438
   3
 Q   1   2   3   3   0   0   0   0
     0.00000000   1.00     0.00000000   1.00     0.00000000   1.00
     0.00000000   0.00     0.00000000   0.00     0.00000000   0.00
   0   0 -26652.080         0.00000000     0.00000000     0.00000000
     0.00000000     0.00000000
   3
 Q   1   2   3   3   0   1   0   0
     0.00000000   1.00     0.00000000   1.00     0.00000000   1.00
     0.00000000   0.00     0.00000000   0.00     0.00000000   0.00
   0   0 -25104.000         0.00000000     0.00000000     0.00000000
     0.00000000     0.00000000
   0
 Monoxide
 QKTOM
 0.333333     0.280000
 CaO
  16  2    0.0    1.0    1.0
  2845.1600     -651262.65      376.67656     -58.791171         0.00000000
     0.00000000  573572.99
 2 -535.61600       0.50 -17163131.      -2.00
  3500.0000     -676442.66      407.12085     -62.760000         0.00000000
     0.00000000     0.00000000
 1     0.00000000   0.00
     0.000000     0.000000
  1.00000      2
 ZnO
  16  2    1.0    0.0    1.0
  2248.0000     -350015.38      293.39794     -48.241520     -.33974080E-02
     0.00000000     0.00000000
 2  17294726.      -2.00 -366.18964       0.50
  3500.0000     -371493.94      390.50821     -61.576285         0.00000000
     0.00000000     0.00000000
 1     0.00000000   0.00
     0.000000     0.000000
  1.00000      2
   0
   2
   1   2   1   1  49371.200     -21.756800         0.00000000     0.00000000
     0.00000000     0.00000000
   2
   1   2   2   1  12552.000         0.00000000     0.00000000     0.00000000
     0.00000000     0.00000000
   0
 Monoxide
 QKTOM
 0.333333     0.280000
 CaO
  16  2    0.0    1.0    1.0
  2845.1600     -651262.65      376.67656     -58.791171         0.00000000
     0.00000000  573572.99
 2 -535.61600       0.50 -17163131.      -2.00
  3500.0000     -676442.66      407.12085     -62.760000         0.00000000
     0.00000000     0.00000000
 1     0.00000000   0.00
     0.000000     0.000000
  1.00000      2
 ZnO
  16  2    1.0    0.0    1.0
  2248.0000     -350015.38      293.39794     -48.241520     -.33974080E-02
     0.00000000     0.00000000
 2  17294726.      -2.00 -366.18964       0.50
  3500.0000     -371493.94      390.50821     -61.576285         0.00000000
     0.00000000     0.00000000
 1     0.00000000   0.00
     0.000000     0.000000
  1.00000      2
   0
   2
   1   2   1   1  49371.200     -21.756800         0.00000000     0.00000000
     0.00000000     0.00000000
   2
   1   2   2   1  12552.000         0.00000000     0.00000000     0.00000000
     0.00000000     0.00000000
   0
 Brownmillerite
 QKTO
 (CaZnO2):2
   4  2 .50000 .50000    1.0
  2248.0000     -477627.02      335.03725     -53.516345     -.16987040E-02
     0.00000000  286786.50
 2  65797.235      -2.00 -450.90282       0.50
  2248.0000     -491045.69      367.45259     -58.662660         0.00000000
     0.00000000     0.00000000
 1     0.00000000   0.00
  1.00000      2
 Zincite
 QKTO
 CaO
   4  2    0.0    1.0    1.0
  2845.1600     -584318.66      364.12456     -58.791171         0.00000000
     0.00000000  573572.99
 2 -535.61600       0.50 -17163131.      -2.00
  3500.0000     -609498.67      394.56885     -62.760000         0.00000000
     0.00000000     0.00000000
 1     0.00000000   0.00
  1.00000      1
 ZnO
   4  2    1.0    0.0    1.0
  2248.0000     -362567.38      293.39794     -48.241520     -.33974080E-02
     0.00000000     0.00000000
 2  17294726.      -2.00 -366.18964       0.50
  3500.0000     -382004.11      382.58997     -60.668000         0.00000000
     0.00000000     0.00000000
 1     0.00000000   0.00
  1.00000      1
   0
 Ca_Solid_Alpha(s)
   4  3    0.0    1.0    0.0
  1100.0000     -20289.826      5.7135695     -7.2407205     -.15879227E-01
 0.53889390E-06  89714.089
 1  3437.1206      99.00
  1500.0000     -90294.540     -138.06623      10.498266     -.18904688E-01
     0.00000000  2230770.0
 1  16851.838      99.00
  1501.0000     -6642.6644      193.69992     -35.000000         0.00000000
     0.00000000     0.00000000
 1     0.00000000   0.00
 Ca_Solid_Beta(s2)
   4  3    0.0    1.0    0.0
  716.00000      39353.166      264.07723     -42.193628         0.00000000
     0.00000000 -737255.98
 1 -9782.9302      99.00
  1500.0000     -89355.294     -139.33270      10.498266     -.18904688E-01
     0.00000000  2230770.0
 1  16851.838      99.00
  1501.0000     -5703.4190      192.43345     -35.000000         0.00000000
     0.00000000     0.00000000
 1     0.00000000   0.00
 CaO_Lime(s)
   4  2    0.0    1.0    1.0
  2845.1600     -651262.66      376.67656     -58.791171         0.00000000
     0.00000000  573572.99
 2 -535.61600       0.50 -17163131.      -2.00
  3500.0000     -676442.67      407.12085     -62.760000         0.00000000
     0.00000000     0.00000000
 1     0.00000000   0.00
 Zn_solid(s)
   1  2    1.0    0.0    0.0
  1000.0000     -6832.4901      108.04852     -21.980430     -.44352990E-02
 -.55097997E-06 -21533.868
  1001.0000     -10737.869      171.87601     -31.380000         0.00000000
     0.00000000     0.00000000
 ZnO_Zincite(s)
   4  2    1.0    0.0    1.0
  2248.0000     -362567.38      293.39794     -48.241520     -.33974080E-02
     0.00000000     0.00000000
 2  17294726.      -2.00 -366.18964       0.50
  2500.0000     -382004.11      382.58997     -60.668000         0.00000000
     0.00000000     0.00000000
 1     0.00000000   0.00
 CaZn_Ca.5Zn.5_<CAZN>(s)
   4  4    1.0    1.0    0.0
  692.68000     -47845.850      192.87034     -40.015114     -.12816584E-01
 -.12649630E-05 -133574.00
 1     0.00000000   0.00
  1115.0000     -51630.621      246.74593     -47.693800     -.11104550E-01
     0.00000000 -133574.00
 1 0.47051400E+27  -9.00
  1700.0000     -153979.98      973.93372     -145.67225     0.23733814E-01
 -.12438000E-05  18245540.
 1 0.47051400E+27  -9.00
  1700.0000     -66901.340      432.04080     -73.917889         0.00000000
     0.00000000     0.00000000
 1     0.00000000   0.00
 'CaZn2'_Ca.33333Zn.66(s)
   4  4 2.0001 .99990    0.0
  692.68000     -85478.637      310.31640     -63.716427     -.14528618E-01
 -.25299260E-05 -133574.00
 1     0.00000000   0.00
  1115.0000     -93048.179      418.06758     -79.073799     -.11104550E-01
     0.00000000 -133574.00
 1 0.94102800E+27  -9.00
  1700.0000     -195397.54      1145.2554     -177.05225     0.23733814E-01
 -.12438000E-05  18245540.
 1 0.94102800E+27  -9.00
  1700.0000     -108318.50      603.36068     -105.29768         0.00000000
     0.00000000     0.00000000
 1     0.00000000   0.00
 Zn5Ca_S1(s)
   4  6    5.0    1.0    0.0
  692.68000     -158107.11      657.52895     -129.65772     -.27834515E-01
 -.41828659E-05 -198175.60
 1     0.00000000   0.00
  1000.0000     -165676.65      765.28013     -145.01509     -.24410447E-01
 -.16529399E-05 -198175.60
 1 0.94102800E+27  -9.00
  1001.0000     -177392.79      956.76261     -173.21380     -.11104550E-01
     0.00000000 -133574.00
 1 0.94102800E+27  -9.00
  1115.0000     -177392.79      956.76261     -173.21380     -.11104550E-01
     0.00000000 -133574.00
 1 0.94102800E+27  -9.00
  1700.0000     -279742.15      1683.9504     -271.19225     0.23733814E-01
 -.12438000E-05  18245540.
 1 0.94102800E+27  -9.00
  1700.0000     -192663.11      1142.0557     -199.43768         0.00000000
     0.00000000     0.00000000
 1     0.00000000   0.00
 Zn11Ca_S1(s)
   4  6   11.0    1.0    0.0
  692.68000     -291666.05      1360.7720     -261.54030     -.54446309E-01
 -.74887457E-05 -327378.81
 1     0.00000000   0.00
  1000.0000     -299235.59      1468.5232     -276.89767     -.51022241E-01
 -.49588197E-05 -327378.81
 1 0.94102800E+27  -9.00
  1001.0000     -334384.00      2042.9707     -361.49380     -.11104550E-01
     0.00000000 -133574.00
 1 0.94102800E+27  -9.00
  1115.0000     -334384.00      2042.9707     -361.49380     -.11104550E-01
     0.00000000 -133574.00
 1 0.94102800E+27  -9.00
  1700.0000     -436733.36      2770.1585     -459.47225     0.23733814E-01
 -.12438000E-05  18245540.
 1 0.94102800E+27  -9.00
  1700.0000     -349654.32      2228.2638     -387.71768         0.00000000
     0.00000000     0.00000000
 1     0.00000000   0.00
 O2(g)                   #
   4  4    0.0    0.0    2.0
  1000.0000     -5219.3324     -12.179856     -26.924057     -.84893408E-02
 0.11276942E-05 -114664.63
 1 -316.64663       0.50
  4000.0000     -389938.78      638.67678     -89.681327     0.72372244E-03
     0.00000000  9341343.0
 2 -16506.149       0.50  95803.960      99.00
  6000.0000     -8951197.1      2742.7612     -249.17312         0.00000000
     0.00000000 0.59248921E+09
 2 -139742.68       0.50  1674792.2      99.00
  6000.0000     -42014.302      116.92408     -44.371534         0.00000000
     0.00000000     0.00000000
 1     0.00000000   0.00
 Ca_Solid_Alpha(s)       #
   4  3    0.0    1.0    0.0
  1100.0000     -20289.826      5.7135695     -7.2407205     -.15879227E-01
 0.53889390E-06  89714.089
 1  3437.1206      99.00
  1500.0000     -90294.540     -138.06623      10.498266     -.18904688E-01
     0.00000000  2230770.0
 1  16851.838      99.00
  1501.0000     -6642.6644      193.69992     -35.000000         0.00000000
     0.00000000     0.00000000
 1     0.00000000   0.00
 Zn_solid(s)             #
   1  2    1.0    0.0    0.0
  1000.0000     -6832.4901      108.04852     -21.980430     -.44352990E-02
 -.55097997E-06 -21533.868
  1001.0000     -10737.869      171.87601     -31.380000         0.00000000
     0.00000000     0.00000000
 CaO(s)                  #
   1  1    0.0    1.0    1.0
  6001.0000         0.00000000     0.00000000     0.00000000     0.00000000
     0.00000000     0.00000000
 ZnO(s)                  #
   1  1    1.0    0.0    1.0
  6001.0000         0.00000000     0.00000000     0.00000000     0.00000000
     0.00000000     0.00000000
